data file
2048

268308479
268177405
268046331
267915257
267784183
267653109
267522035
267390961
267259887
267128813
266997739
266866665
266735591
266604517
266473443
266342369
266211295
266080221
265949147
265818073
265686999
265555925
265424851
265293777
265162703
265031629
264900555
264769481
264638407
264507333
264376259
264245185
264114111
263983037
263851963
263720889
263589815
263458741
263327667
263196593
263065519
262934445
262803371
262672297
262541223
262410149
262279075
262148001
262016927
261885853
261754779
261623705
261492631
261361557
261230483
261099409
260968335
260837261
260706187
260575113
260444039
260312965
260181891
260050817
259919743
259788669
259657595
259526521
259395447
259264373
259133299
259002225
258871151
258740077
258609003
258477929
258346855
258215781
258084707
257953633
257822559
257691485
257560411
257429337
257298263
257167189
257036115
256905041
256773967
256642893
256511819
256380745
256249671
256118597
255987523
255856449
255725375
255594301
255463227
255332153
255201079
255070005
254938931
254807857
254676783
254545709
254414635
254283561
254152487
254021413
253890339
253759265
253628191
253497117
253366043
253234969
253103895
252972821
252841747
252710673
252579599
252448525
252317451
252186377
252055303
251924229
251793155
251662081
251531007
251399933
251268859
251137785
251006711
250875637
250744563
250613489
250482415
250351341
250220267
250089193
249958119
249827045
249695971
249564897
249433823
249302749
249171675
249040601
248909527
248778453
248647379
248516305
248385231
248254157
248123083
247992009
247860935
247729861
247598787
247467713
247336639
247205565
247074491
246943417
246812343
246681269
246550195
246419121
246288047
246156973
246025899
245894825
245763751
245632677
245501603
245370529
245239455
245108381
244977307
244846233
244715159
244584085
244453011
244321937
244190863
244059789
243928715
243797641
243666567
243535493
243404419
243273345
243142271
243011197
242880123
242749049
242617975
242486901
242355827
242224753
242093679
241962605
241831531
241700457
241569383
241438309
241307235
241176161
241045087
240914013
240782939
240651865
240520791
240389717
240258643
240127569
239996495
239865421
239734347
239603273
239472199
239341125
239210051
239078977
238947903
238816829
238685755
238554681
238423607
238292533
238161459
238030385
237899311
237768237
237637163
237506089
237375015
237243941
237112867
236981793
236850719
236719645
236588571
236457497
236326423
236195349
236064275
235933201
235802127
235671053
235539979
235408905
235277831
235146757
235015683
234884609
234753535
234622461
234491387
234360313
234229239
234098165
233967091
233836017
233704943
233573869
233442795
233311721
233180647
233049573
232918499
232787425
232656351
232525277
232394203
232263129
232132055
232000981
231869907
231738833
231607759
231476685
231345611
231214537
231083463
230952389
230821315
230690241
230559167
230428093
230297019
230165945
230034871
229903797
229772723
229641649
229510575
229379501
229248427
229117353
228986279
228855205
228724131
228593057
228461983
228330909
228199835
228068761
227937687
227806613
227675539
227544465
227413391
227282317
227151243
227020169
226889095
226758021
226626947
226495873
226364799
226233725
226102651
225971577
225840503
225709429
225578355
225447281
225316207
225185133
225054059
224922985
224791911
224660837
224529763
224398689
224267615
224136541
224005467
223874393
223743319
223612245
223481171
223350097
223219023
223087949
222956875
222825801
222694727
222563653
222432579
222301505
222170431
222039357
221908283
221777209
221646135
221515061
221383987
221252913
221121839
220990765
220859691
220728617
220597543
220466469
220335395
220204321
220073247
219942173
219811099
219680025
219548951
219417877
219286803
219155729
219024655
218893581
218762507
218631433
218500359
218369285
218238211
218107137
217976063
217844989
217713915
217582841
217451767
217320693
217189619
217058545
216927471
216796397
216665323
216534249
216403175
216272101
216141027
216009953
215878879
215747805
215616731
215485657
215354583
215223509
215092435
214961361
214830287
214699213
214568139
214437065
214305991
214174917
214043843
213912769
213781695
213650621
213519547
213388473
213257399
213126325
212995251
212864177
212733103
212602029
212470955
212339881
212208807
212077733
211946659
211815585
211684511
211553437
211422363
211291289
211160215
211029141
210898067
210766993
210635919
210504845
210373771
210242697
210111623
209980549
209849475
209718401
209587327
209456253
209325179
209194105
209063031
208931957
208800883
208669809
208538735
208407661
208276587
208145513
208014439
207883365
207752291
207621217
207490143
207359069
207227995
207096921
206965847
206834773
206703699
206572625
206441551
206310477
206179403
206048329
205917255
205786181
205655107
205524033
205392959
205261885
205130811
204999737
204868663
204737589
204606515
204475441
204344367
204213293
204082219
203951145
203820071
203688997
203557923
203426849
203295775
203164701
203033627
202902553
202771479
202640405
202509331
202378257
202247183
202116109
201985035
201853961
201722887
201591813
201460739
201329665
201198591
201067517
200936443
200805369
200674295
200543221
200412147
200281073
200149999
200018925
199887851
199756777
199625703
199494629
199363555
199232481
199101407
198970333
198839259
198708185
198577111
198446037
198314963
198183889
198052815
197921741
197790667
197659593
197528519
197397445
197266371
197135297
197004223
196873149
196742075
196611001
196479927
196348853
196217779
196086705
195955631
195824557
195693483
195562409
195431335
195300261
195169187
195038113
194907039
194775965
194644891
194513817
194382743
194251669
194120595
193989521
193858447
193727373
193596299
193465225
193334151
193203077
193072003
192940929
192809855
192678781
192547707
192416633
192285559
192154485
192023411
191892337
191761263
191630189
191499115
191368041
191236967
191105893
190974819
190843745
190712671
190581597
190450523
190319449
190188375
190057301
189926227
189795153
189664079
189533005
189401931
189270857
189139783
189008709
188877635
188746561
188615487
188484413
188353339
188222265
188091191
187960117
187829043
187697969
187566895
187435821
187304747
187173673
187042599
186911525
186780451
186649377
186518303
186387229
186256155
186125081
185994007
185862933
185731859
185600785
185469711
185338637
185207563
185076489
184945415
184814341
184683267
184552193
184421119
184290045
184158971
184027897
183896823
183765749
183634675
183503601
183372527
183241453
183110379
182979305
182848231
182717157
182586083
182455009
182323935
182192861
182061787
181930713
181799639
181668565
181537491
181406417
181275343
181144269
181013195
180882121
180751047
180619973
180488899
180357825
180226751
180095677
179964603
179833529
179702455
179571381
179440307
179309233
179178159
179047085
178916011
178784937
178653863
178522789
178391715
178260641
178129567
177998493
177867419
177736345
177605271
177474197
177343123
177212049
177080975
176949901
176818827
176687753
176556679
176425605
176294531
176163457
176032383
175901309
175770235
175639161
175508087
175377013
175245939
175114865
174983791
174852717
174721643
174590569
174459495
174328421
174197347
174066273
173935199
173804125
173673051
173541977
173410903
173279829
173148755
173017681
172886607
172755533
172624459
172493385
172362311
172231237
172100163
171969089
171838015
171706941
171575867
171444793
171313719
171182645
171051571
170920497
170789423
170658349
170527275
170396201
170265127
170134053
170002979
169871905
169740831
169609757
169478683
169347609
169216535
169085461
168954387
168823313
168692239
168561165
168430091
168299017
168167943
168036869
167905795
167774721
167643647
167512573
167381499
167250425
167119351
166988277
166857203
166726129
166595055
166463981
166332907
166201833
166070759
165939685
165808611
165677537
165546463
165415389
165284315
165153241
165022167
164891093
164760019
164628945
164497871
164366797
164235723
164104649
163973575
163842501
163711427
163580353
163449279
163318205
163187131
163056057
162924983
162793909
162662835
162531761
162400687
162269613
162138539
162007465
161876391
161745317
161614243
161483169
161352095
161221021
161089947
160958873
160827799
160696725
160565651
160434577
160303503
160172429
160041355
159910281
159779207
159648133
159517059
159385985
159254911
159123837
158992763
158861689
158730615
158599541
158468467
158337393
158206319
158075245
157944171
157813097
157682023
157550949
157419875
157288801
157157727
157026653
156895579
156764505
156633431
156502357
156371283
156240209
156109135
155978061
155846987
155715913
155584839
155453765
155322691
155191617
155060543
154929469
154798395
154667321
154536247
154405173
154274099
154143025
154011951
153880877
153749803
153618729
153487655
153356581
153225507
153094433
152963359
152832285
152701211
152570137
152439063
152307989
152176915
152045841
151914767
151783693
151652619
151521545
151390471
151259397
151128323
150997249
150866175
150735101
150604027
150472953
150341879
150210805
150079731
149948657
149817583
149686509
149555435
149424361
149293287
149162213
149031139
148900065
148768991
148637917
148506843
148375769
148244695
148113621
147982547
147851473
147720399
147589325
147458251
147327177
147196103
147065029
146933955
146802881
146671807
146540733
146409659
146278585
146147511
146016437
145885363
145754289
145623215
145492141
145361067
145229993
145098919
144967845
144836771
144705697
144574623
144443549
144312475
144181401
144050327
143919253
143788179
143657105
143526031
143394957
143263883
143132809
143001735
142870661
142739587
142608513
142477439
142346365
142215291
142084217
141953143
141822069
141690995
141559921
141428847
141297773
141166699
141035625
140904551
140773477
140642403
140511329
140380255
140249181
140118107
139987033
139855959
139724885
139593811
139462737
139331663
139200589
139069515
138938441
138807367
138676293
138545219
138414145
138283071
138151997
138020923
137889849
137758775
137627701
137496627
137365553
137234479
137103405
136972331
136841257
136710183
136579109
136448035
136316961
136185887
136054813
135923739
135792665
135661591
135530517
135399443
135268369
135137295
135006221
134875147
134744073
134612999
134481925
134350851
134219777
134088703
133957629
133826555
133695481
133564407
133433333
133302259
133171185
133040111
132909037
132777963
132646889
132515815
132384741
132253667
132122593
131991519
131860445
131729371
131598297
131467223
131336149
131205075
131074001
130942927
130811853
130680779
130549705
130418631
130287557
130156483
130025409
129894335
129763261
129632187
129501113
129370039
129238965
129107891
128976817
128845743
128714669
128583595
128452521
128321447
128190373
128059299
127928225
127797151
127666077
127535003
127403929
127272855
127141781
127010707
126879633
126748559
126617485
126486411
126355337
126224263
126093189
125962115
125831041
125699967
125568893
125437819
125306745
125175671
125044597
124913523
124782449
124651375
124520301
124389227
124258153
124127079
123996005
123864931
123733857
123602783
123471709
123340635
123209561
123078487
122947413
122816339
122685265
122554191
122423117
122292043
122160969
122029895
121898821
121767747
121636673
121505599
121374525
121243451
121112377
120981303
120850229
120719155
120588081
120457007
120325933
120194859
120063785
119932711
119801637
119670563
119539489
119408415
119277341
119146267
119015193
118884119
118753045
118621971
118490897
118359823
118228749
118097675
117966601
117835527
117704453
117573379
117442305
117311231
117180157
117049083
116918009
116786935
116655861
116524787
116393713
116262639
116131565
116000491
115869417
115738343
115607269
115476195
115345121
115214047
115082973
114951899
114820825
114689751
114558677
114427603
114296529
114165455
114034381
113903307
113772233
113641159
113510085
113379011
113247937
113116863
112985789
112854715
112723641
112592567
112461493
112330419
112199345
112068271
111937197
111806123
111675049
111543975
111412901
111281827
111150753
111019679
110888605
110757531
110626457
110495383
110364309
110233235
110102161
109971087
109840013
109708939
109577865
109446791
109315717
109184643
109053569
108922495
108791421
108660347
108529273
108398199
108267125
108136051
108004977
107873903
107742829
107611755
107480681
107349607
107218533
107087459
106956385
106825311
106694237
106563163
106432089
106301015
106169941
106038867
105907793
105776719
105645645
105514571
105383497
105252423
105121349
104990275
104859201
104728127
104597053
104465979
104334905
104203831
104072757
103941683
103810609
103679535
103548461
103417387
103286313
103155239
103024165
102893091
102762017
102630943
102499869
102368795
102237721
102106647
101975573
101844499
101713425
101582351
101451277
101320203
101189129
101058055
100926981
100795907
100664833
100533759
100402685
100271611
100140537
100009463
99878389
99747315
99616241
99485167
99354093
99223019
99091945
98960871
98829797
98698723
98567649
98436575
98305501
98174427
98043353
97912279
97781205
97650131
97519057
97387983
97256909
97125835
96994761
96863687
96732613
96601539
96470465
96339391
96208317
96077243
95946169
95815095
95684021
95552947
95421873
95290799
95159725
95028651
94897577
94766503
94635429
94504355
94373281
94242207
94111133
93980059
93848985
93717911
93586837
93455763
93324689
93193615
93062541
92931467
92800393
92669319
92538245
92407171
92276097
92145023
92013949
91882875
91751801
91620727
91489653
91358579
91227505
91096431
90965357
90834283
90703209
90572135
90441061
90309987
90178913
90047839
89916765
89785691
89654617
89523543
89392469
89261395
89130321
88999247
88868173
88737099
88606025
88474951
88343877
88212803
88081729
87950655
87819581
87688507
87557433
87426359
87295285
87164211
87033137
86902063
86770989
86639915
86508841
86377767
86246693
86115619
85984545
85853471
85722397
85591323
85460249
85329175
85198101
85067027
84935953
84804879
84673805
84542731
84411657
84280583
84149509
84018435
83887361
83756287
83625213
83494139
83363065
83231991
83100917
82969843
82838769
82707695
82576621
82445547
82314473
82183399
82052325
81921251
81790177
81659103
81528029
81396955
81265881
81134807
81003733
80872659
80741585
80610511
80479437
80348363
80217289
80086215
79955141
79824067
79692993
79561919
79430845
79299771
79168697
79037623
78906549
78775475
78644401
78513327
78382253
78251179
78120105
77989031
77857957
77726883
77595809
77464735
77333661
77202587
77071513
76940439
76809365
76678291
76547217
76416143
76285069
76153995
76022921
75891847
75760773
75629699
75498625
75367551
75236477
75105403
74974329
74843255
74712181
74581107
74450033
74318959
74187885
74056811
73925737
73794663
73663589
73532515
73401441
73270367
73139293
73008219
72877145
72746071
72614997
72483923
72352849
72221775
72090701
71959627
71828553
71697479
71566405
71435331
71304257
71173183
71042109
70911035
70779961
70648887
70517813
70386739
70255665
70124591
69993517
69862443
69731369
69600295
69469221
69338147
69207073
69075999
68944925
68813851
68682777
68551703
68420629
68289555
68158481
68027407
67896333
67765259
67634185
67503111
67372037
67240963
67109889
66978815
66847741
66716667
66585593
66454519
66323445
66192371
66061297
65930223
65799149
65668075
65537001
65405927
65274853
65143779
65012705
64881631
64750557
64619483
64488409
64357335
64226261
64095187
63964113
63833039
63701965
63570891
63439817
63308743
63177669
63046595
62915521
62784447
62653373
62522299
62391225
62260151
62129077
61998003
61866929
61735855
61604781
61473707
61342633
61211559
61080485
60949411
60818337
60687263
60556189
60425115
60294041
60162967
60031893
59900819
59769745
59638671
59507597
59376523
59245449
59114375
58983301
58852227
58721153
58590079
58459005
58327931
58196857
58065783
57934709
57803635
57672561
57541487
57410413
57279339
57148265
57017191
56886117
56755043
56623969
56492895
56361821
56230747
56099673
55968599
55837525
55706451
55575377
55444303
55313229
55182155
55051081
54920007
54788933
54657859
54526785
54395711
54264637
54133563
54002489
53871415
53740341
53609267
53478193
53347119
53216045
53084971
52953897
52822823
52691749
52560675
52429601
52298527
52167453
52036379
51905305
51774231
51643157
51512083
51381009
51249935
51118861
50987787
50856713
50725639
50594565
50463491
50332417
50201343
50070269
49939195
49808121
49677047
49545973
49414899
49283825
49152751
49021677
48890603
48759529
48628455
48497381
48366307
48235233
48104159
47973085
47842011
47710937
47579863
47448789
47317715
47186641
47055567
46924493
46793419
46662345
46531271
46400197
46269123
46138049
46006975
45875901
45744827
45613753
45482679
45351605
45220531
45089457
44958383
44827309
44696235
44565161
44434087
44303013
44171939
44040865
43909791
43778717
43647643
43516569
43385495
43254421
43123347
42992273
42861199
42730125
42599051
42467977
42336903
42205829
42074755
41943681
41812607
41681533
41550459
41419385
41288311
41157237
41026163
40895089
40764015
40632941
40501867
40370793
40239719
40108645
39977571
39846497
39715423
39584349
39453275
39322201
39191127
39060053
38928979
38797905
38666831
38535757
38404683
38273609
38142535
38011461
37880387
37749313
37618239
37487165
37356091
37225017
37093943
36962869
36831795
36700721
36569647
36438573
36307499
36176425
36045351
35914277
35783203
35652129
35521055
35389981
35258907
35127833
34996759
34865685
34734611
34603537
34472463
34341389
34210315
34079241
33948167
33817093
33686019
33554945
33423871
33292797
33161723
33030649
32899575
32768501
32637427
32506353
32375279
32244205
32113131
31982057
31850983
31719909
31588835
31457761
31326687
31195613
31064539
30933465
30802391
30671317
30540243
30409169
30278095
30147021
30015947
29884873
29753799
29622725
29491651
29360577
29229503
29098429
28967355
28836281
28705207
28574133
28443059
28311985
28180911
28049837
27918763
27787689
27656615
27525541
27394467
27263393
27132319
27001245
26870171
26739097
26608023
26476949
26345875
26214801
26083727
25952653
25821579
25690505
25559431
25428357
25297283
25166209
25035135
24904061
24772987
24641913
24510839
24379765
24248691
24117617
23986543
23855469
23724395
23593321
23462247
23331173
23200099
23069025
22937951
22806877
22675803
22544729
22413655
22282581
22151507
22020433
21889359
21758285
21627211
21496137
21365063
21233989
21102915
20971841
20840767
20709693
20578619
20447545
20316471
20185397
20054323
19923249
19792175
19661101
19530027
19398953
19267879
19136805
19005731
18874657
18743583
18612509
18481435
18350361
18219287
18088213
17957139
17826065
17694991
17563917
17432843
17301769
17170695
17039621
16908547
16777473
16646399
16515325
16384251
16253177
16122103
15991029
15859955
15728881
15597807
15466733
15335659
15204585
15073511
14942437
14811363
14680289
14549215
14418141
14287067
14155993
14024919
13893845
13762771
13631697
13500623
13369549
13238475
13107401
12976327
12845253
12714179
12583105
12452031
12320957
12189883
12058809
11927735
11796661
11665587
11534513
11403439
11272365
11141291
11010217
10879143
10748069
10616995
10485921
10354847
10223773
10092699
9961625
9830551
9699477
9568403
9437329
9306255
9175181
9044107
8913033
8781959
8650885
8519811
8388737
8257663
8126589
7995515
7864441
7733367
7602293
7471219
7340145
7209071
7077997
6946923
6815849
6684775
6553701
6422627
6291553
6160479
6029405
5898331
5767257
5636183
5505109
5374035
5242961
5111887
4980813
4849739
4718665
4587591
4456517
4325443
4194369
4063295
3932221
3801147
3670073
3538999
3407925
3276851
3145777
3014703
2883629
2752555
2621481
2490407
2359333
2228259
2097185
1966111
1835037
1703963
1572889
1441815
1310741
1179667
1048593
917519
786445
655371
524297
393223
262149
131075
1
