data file
2048

65536
196610
327684
458758
589832
720906
851980
983054
1114128
1245202
1376276
1507350
1638424
1769498
1900572
2031646
2162720
2293794
2424868
2555942
2687016
2818090
2949164
3080238
3211312
3342386
3473460
3604534
3735608
3866682
3997756
4128830
4259904
4390978
4522052
4653126
4784200
4915274
5046348
5177422
5308496
5439570
5570644
5701718
5832792
5963866
6094940
6226014
6357088
6488162
6619236
6750310
6881384
7012458
7143532
7274606
7405680
7536754
7667828
7798902
7929976
8061050
8192124
8323198
8454272
8585346
8716420
8847494
8978568
9109642
9240716
9371790
9502864
9633938
9765012
9896086
10027160
10158234
10289308
10420382
10551456
10682530
10813604
10944678
11075752
11206826
11337900
11468974
11600048
11731122
11862196
11993270
12124344
12255418
12386492
12517566
12648640
12779714
12910788
13041862
13172936
13304010
13435084
13566158
13697232
13828306
13959380
14090454
14221528
14352602
14483676
14614750
14745824
14876898
15007972
15139046
15270120
15401194
15532268
15663342
15794416
15925490
16056564
16187638
16318712
16449786
16580860
16711934
16843008
16974082
17105156
17236230
17367304
17498378
17629452
17760526
17891600
18022674
18153748
18284822
18415896
18546970
18678044
18809118
18940192
19071266
19202340
19333414
19464488
19595562
19726636
19857710
19988784
20119858
20250932
20382006
20513080
20644154
20775228
20906302
21037376
21168450
21299524
21430598
21561672
21692746
21823820
21954894
22085968
22217042
22348116
22479190
22610264
22741338
22872412
23003486
23134560
23265634
23396708
23527782
23658856
23789930
23921004
24052078
24183152
24314226
24445300
24576374
24707448
24838522
24969596
25100670
25231744
25362818
25493892
25624966
25756040
25887114
26018188
26149262
26280336
26411410
26542484
26673558
26804632
26935706
27066780
27197854
27328928
27460002
27591076
27722150
27853224
27984298
28115372
28246446
28377520
28508594
28639668
28770742
28901816
29032890
29163964
29295038
29426112
29557186
29688260
29819334
29950408
30081482
30212556
30343630
30474704
30605778
30736852
30867926
30999000
31130074
31261148
31392222
31523296
31654370
31785444
31916518
32047592
32178666
32309740
32440814
32571888
32702962
32834036
32965110
33096184
33227258
33358332
33489406
33620480
33751554
33882628
34013702
34144776
34275850
34406924
34537998
34669072
34800146
34931220
35062294
35193368
35324442
35455516
35586590
35717664
35848738
35979812
36110886
36241960
36373034
36504108
36635182
36766256
36897330
37028404
37159478
37290552
37421626
37552700
37683774
37814848
37945922
38076996
38208070
38339144
38470218
38601292
38732366
38863440
38994514
39125588
39256662
39387736
39518810
39649884
39780958
39912032
40043106
40174180
40305254
40436328
40567402
40698476
40829550
40960624
41091698
41222772
41353846
41484920
41615994
41747068
41878142
42009216
42140290
42271364
42402438
42533512
42664586
42795660
42926734
43057808
43188882
43319956
43451030
43582104
43713178
43844252
43975326
44106400
44237474
44368548
44499622
44630696
44761770
44892844
45023918
45154992
45286066
45417140
45548214
45679288
45810362
45941436
46072510
46203584
46334658
46465732
46596806
46727880
46858954
46990028
47121102
47252176
47383250
47514324
47645398
47776472
47907546
48038620
48169694
48300768
48431842
48562916
48693990
48825064
48956138
49087212
49218286
49349360
49480434
49611508
49742582
49873656
50004730
50135804
50266878
50397952
50529026
50660100
50791174
50922248
51053322
51184396
51315470
51446544
51577618
51708692
51839766
51970840
52101914
52232988
52364062
52495136
52626210
52757284
52888358
53019432
53150506
53281580
53412654
53543728
53674802
53805876
53936950
54068024
54199098
54330172
54461246
54592320
54723394
54854468
54985542
55116616
55247690
55378764
55509838
55640912
55771986
55903060
56034134
56165208
56296282
56427356
56558430
56689504
56820578
56951652
57082726
57213800
57344874
57475948
57607022
57738096
57869170
58000244
58131318
58262392
58393466
58524540
58655614
58786688
58917762
59048836
59179910
59310984
59442058
59573132
59704206
59835280
59966354
60097428
60228502
60359576
60490650
60621724
60752798
60883872
61014946
61146020
61277094
61408168
61539242
61670316
61801390
61932464
62063538
62194612
62325686
62456760
62587834
62718908
62849982
62981056
63112130
63243204
63374278
63505352
63636426
63767500
63898574
64029648
64160722
64291796
64422870
64553944
64685018
64816092
64947166
65078240
65209314
65340388
65471462
65602536
65733610
65864684
65995758
66126832
66257906
66388980
66520054
66651128
66782202
66913276
67044350
67175424
67306498
67437572
67568646
67699720
67830794
67961868
68092942
68224016
68355090
68486164
68617238
68748312
68879386
69010460
69141534
69272608
69403682
69534756
69665830
69796904
69927978
70059052
70190126
70321200
70452274
70583348
70714422
70845496
70976570
71107644
71238718
71369792
71500866
71631940
71763014
71894088
72025162
72156236
72287310
72418384
72549458
72680532
72811606
72942680
73073754
73204828
73335902
73466976
73598050
73729124
73860198
73991272
74122346
74253420
74384494
74515568
74646642
74777716
74908790
75039864
75170938
75302012
75433086
75564160
75695234
75826308
75957382
76088456
76219530
76350604
76481678
76612752
76743826
76874900
77005974
77137048
77268122
77399196
77530270
77661344
77792418
77923492
78054566
78185640
78316714
78447788
78578862
78709936
78841010
78972084
79103158
79234232
79365306
79496380
79627454
79758528
79889602
80020676
80151750
80282824
80413898
80544972
80676046
80807120
80938194
81069268
81200342
81331416
81462490
81593564
81724638
81855712
81986786
82117860
82248934
82380008
82511082
82642156
82773230
82904304
83035378
83166452
83297526
83428600
83559674
83690748
83821822
83952896
84083970
84215044
84346118
84477192
84608266
84739340
84870414
85001488
85132562
85263636
85394710
85525784
85656858
85787932
85919006
86050080
86181154
86312228
86443302
86574376
86705450
86836524
86967598
87098672
87229746
87360820
87491894
87622968
87754042
87885116
88016190
88147264
88278338
88409412
88540486
88671560
88802634
88933708
89064782
89195856
89326930
89458004
89589078
89720152
89851226
89982300
90113374
90244448
90375522
90506596
90637670
90768744
90899818
91030892
91161966
91293040
91424114
91555188
91686262
91817336
91948410
92079484
92210558
92341632
92472706
92603780
92734854
92865928
92997002
93128076
93259150
93390224
93521298
93652372
93783446
93914520
94045594
94176668
94307742
94438816
94569890
94700964
94832038
94963112
95094186
95225260
95356334
95487408
95618482
95749556
95880630
96011704
96142778
96273852
96404926
96536000
96667074
96798148
96929222
97060296
97191370
97322444
97453518
97584592
97715666
97846740
97977814
98108888
98239962
98371036
98502110
98633184
98764258
98895332
99026406
99157480
99288554
99419628
99550702
99681776
99812850
99943924
100074998
100206072
100337146
100468220
100599294
100730368
100861442
100992516
101123590
101254664
101385738
101516812
101647886
101778960
101910034
102041108
102172182
102303256
102434330
102565404
102696478
102827552
102958626
103089700
103220774
103351848
103482922
103613996
103745070
103876144
104007218
104138292
104269366
104400440
104531514
104662588
104793662
104924736
105055810
105186884
105317958
105449032
105580106
105711180
105842254
105973328
106104402
106235476
106366550
106497624
106628698
106759772
106890846
107021920
107152994
107284068
107415142
107546216
107677290
107808364
107939438
108070512
108201586
108332660
108463734
108594808
108725882
108856956
108988030
109119104
109250178
109381252
109512326
109643400
109774474
109905548
110036622
110167696
110298770
110429844
110560918
110691992
110823066
110954140
111085214
111216288
111347362
111478436
111609510
111740584
111871658
112002732
112133806
112264880
112395954
112527028
112658102
112789176
112920250
113051324
113182398
113313472
113444546
113575620
113706694
113837768
113968842
114099916
114230990
114362064
114493138
114624212
114755286
114886360
115017434
115148508
115279582
115410656
115541730
115672804
115803878
115934952
116066026
116197100
116328174
116459248
116590322
116721396
116852470
116983544
117114618
117245692
117376766
117507840
117638914
117769988
117901062
118032136
118163210
118294284
118425358
118556432
118687506
118818580
118949654
119080728
119211802
119342876
119473950
119605024
119736098
119867172
119998246
120129320
120260394
120391468
120522542
120653616
120784690
120915764
121046838
121177912
121308986
121440060
121571134
121702208
121833282
121964356
122095430
122226504
122357578
122488652
122619726
122750800
122881874
123012948
123144022
123275096
123406170
123537244
123668318
123799392
123930466
124061540
124192614
124323688
124454762
124585836
124716910
124847984
124979058
125110132
125241206
125372280
125503354
125634428
125765502
125896576
126027650
126158724
126289798
126420872
126551946
126683020
126814094
126945168
127076242
127207316
127338390
127469464
127600538
127731612
127862686
127993760
128124834
128255908
128386982
128518056
128649130
128780204
128911278
129042352
129173426
129304500
129435574
129566648
129697722
129828796
129959870
130090944
130222018
130353092
130484166
130615240
130746314
130877388
131008462
131139536
131270610
131401684
131532758
131663832
131794906
131925980
132057054
132188128
132319202
132450276
132581350
132712424
132843498
132974572
133105646
133236720
133367794
133498868
133629942
133761016
133892090
134023164
134154238
134285312
134416386
134547460
134678534
134809608
134940682
135071756
135202830
135333904
135464978
135596052
135727126
135858200
135989274
136120348
136251422
136382496
136513570
136644644
136775718
136906792
137037866
137168940
137300014
137431088
137562162
137693236
137824310
137955384
138086458
138217532
138348606
138479680
138610754
138741828
138872902
139003976
139135050
139266124
139397198
139528272
139659346
139790420
139921494
140052568
140183642
140314716
140445790
140576864
140707938
140839012
140970086
141101160
141232234
141363308
141494382
141625456
141756530
141887604
142018678
142149752
142280826
142411900
142542974
142674048
142805122
142936196
143067270
143198344
143329418
143460492
143591566
143722640
143853714
143984788
144115862
144246936
144378010
144509084
144640158
144771232
144902306
145033380
145164454
145295528
145426602
145557676
145688750
145819824
145950898
146081972
146213046
146344120
146475194
146606268
146737342
146868416
146999490
147130564
147261638
147392712
147523786
147654860
147785934
147917008
148048082
148179156
148310230
148441304
148572378
148703452
148834526
148965600
149096674
149227748
149358822
149489896
149620970
149752044
149883118
150014192
150145266
150276340
150407414
150538488
150669562
150800636
150931710
151062784
151193858
151324932
151456006
151587080
151718154
151849228
151980302
152111376
152242450
152373524
152504598
152635672
152766746
152897820
153028894
153159968
153291042
153422116
153553190
153684264
153815338
153946412
154077486
154208560
154339634
154470708
154601782
154732856
154863930
154995004
155126078
155257152
155388226
155519300
155650374
155781448
155912522
156043596
156174670
156305744
156436818
156567892
156698966
156830040
156961114
157092188
157223262
157354336
157485410
157616484
157747558
157878632
158009706
158140780
158271854
158402928
158534002
158665076
158796150
158927224
159058298
159189372
159320446
159451520
159582594
159713668
159844742
159975816
160106890
160237964
160369038
160500112
160631186
160762260
160893334
161024408
161155482
161286556
161417630
161548704
161679778
161810852
161941926
162073000
162204074
162335148
162466222
162597296
162728370
162859444
162990518
163121592
163252666
163383740
163514814
163645888
163776962
163908036
164039110
164170184
164301258
164432332
164563406
164694480
164825554
164956628
165087702
165218776
165349850
165480924
165611998
165743072
165874146
166005220
166136294
166267368
166398442
166529516
166660590
166791664
166922738
167053812
167184886
167315960
167447034
167578108
167709182
167840256
167971330
168102404
168233478
168364552
168495626
168626700
168757774
168888848
169019922
169150996
169282070
169413144
169544218
169675292
169806366
169937440
170068514
170199588
170330662
170461736
170592810
170723884
170854958
170986032
171117106
171248180
171379254
171510328
171641402
171772476
171903550
172034624
172165698
172296772
172427846
172558920
172689994
172821068
172952142
173083216
173214290
173345364
173476438
173607512
173738586
173869660
174000734
174131808
174262882
174393956
174525030
174656104
174787178
174918252
175049326
175180400
175311474
175442548
175573622
175704696
175835770
175966844
176097918
176228992
176360066
176491140
176622214
176753288
176884362
177015436
177146510
177277584
177408658
177539732
177670806
177801880
177932954
178064028
178195102
178326176
178457250
178588324
178719398
178850472
178981546
179112620
179243694
179374768
179505842
179636916
179767990
179899064
180030138
180161212
180292286
180423360
180554434
180685508
180816582
180947656
181078730
181209804
181340878
181471952
181603026
181734100
181865174
181996248
182127322
182258396
182389470
182520544
182651618
182782692
182913766
183044840
183175914
183306988
183438062
183569136
183700210
183831284
183962358
184093432
184224506
184355580
184486654
184617728
184748802
184879876
185010950
185142024
185273098
185404172
185535246
185666320
185797394
185928468
186059542
186190616
186321690
186452764
186583838
186714912
186845986
186977060
187108134
187239208
187370282
187501356
187632430
187763504
187894578
188025652
188156726
188287800
188418874
188549948
188681022
188812096
188943170
189074244
189205318
189336392
189467466
189598540
189729614
189860688
189991762
190122836
190253910
190384984
190516058
190647132
190778206
190909280
191040354
191171428
191302502
191433576
191564650
191695724
191826798
191957872
192088946
192220020
192351094
192482168
192613242
192744316
192875390
193006464
193137538
193268612
193399686
193530760
193661834
193792908
193923982
194055056
194186130
194317204
194448278
194579352
194710426
194841500
194972574
195103648
195234722
195365796
195496870
195627944
195759018
195890092
196021166
196152240
196283314
196414388
196545462
196676536
196807610
196938684
197069758
197200832
197331906
197462980
197594054
197725128
197856202
197987276
198118350
198249424
198380498
198511572
198642646
198773720
198904794
199035868
199166942
199298016
199429090
199560164
199691238
199822312
199953386
200084460
200215534
200346608
200477682
200608756
200739830
200870904
201001978
201133052
201264126
201395200
201526274
201657348
201788422
201919496
202050570
202181644
202312718
202443792
202574866
202705940
202837014
202968088
203099162
203230236
203361310
203492384
203623458
203754532
203885606
204016680
204147754
204278828
204409902
204540976
204672050
204803124
204934198
205065272
205196346
205327420
205458494
205589568
205720642
205851716
205982790
206113864
206244938
206376012
206507086
206638160
206769234
206900308
207031382
207162456
207293530
207424604
207555678
207686752
207817826
207948900
208079974
208211048
208342122
208473196
208604270
208735344
208866418
208997492
209128566
209259640
209390714
209521788
209652862
209783936
209915010
210046084
210177158
210308232
210439306
210570380
210701454
210832528
210963602
211094676
211225750
211356824
211487898
211618972
211750046
211881120
212012194
212143268
212274342
212405416
212536490
212667564
212798638
212929712
213060786
213191860
213322934
213454008
213585082
213716156
213847230
213978304
214109378
214240452
214371526
214502600
214633674
214764748
214895822
215026896
215157970
215289044
215420118
215551192
215682266
215813340
215944414
216075488
216206562
216337636
216468710
216599784
216730858
216861932
216993006
217124080
217255154
217386228
217517302
217648376
217779450
217910524
218041598
218172672
218303746
218434820
218565894
218696968
218828042
218959116
219090190
219221264
219352338
219483412
219614486
219745560
219876634
220007708
220138782
220269856
220400930
220532004
220663078
220794152
220925226
221056300
221187374
221318448
221449522
221580596
221711670
221842744
221973818
222104892
222235966
222367040
222498114
222629188
222760262
222891336
223022410
223153484
223284558
223415632
223546706
223677780
223808854
223939928
224071002
224202076
224333150
224464224
224595298
224726372
224857446
224988520
225119594
225250668
225381742
225512816
225643890
225774964
225906038
226037112
226168186
226299260
226430334
226561408
226692482
226823556
226954630
227085704
227216778
227347852
227478926
227610000
227741074
227872148
228003222
228134296
228265370
228396444
228527518
228658592
228789666
228920740
229051814
229182888
229313962
229445036
229576110
229707184
229838258
229969332
230100406
230231480
230362554
230493628
230624702
230755776
230886850
231017924
231148998
231280072
231411146
231542220
231673294
231804368
231935442
232066516
232197590
232328664
232459738
232590812
232721886
232852960
232984034
233115108
233246182
233377256
233508330
233639404
233770478
233901552
234032626
234163700
234294774
234425848
234556922
234687996
234819070
234950144
235081218
235212292
235343366
235474440
235605514
235736588
235867662
235998736
236129810
236260884
236391958
236523032
236654106
236785180
236916254
237047328
237178402
237309476
237440550
237571624
237702698
237833772
237964846
238095920
238226994
238358068
238489142
238620216
238751290
238882364
239013438
239144512
239275586
239406660
239537734
239668808
239799882
239930956
240062030
240193104
240324178
240455252
240586326
240717400
240848474
240979548
241110622
241241696
241372770
241503844
241634918
241765992
241897066
242028140
242159214
242290288
242421362
242552436
242683510
242814584
242945658
243076732
243207806
243338880
243469954
243601028
243732102
243863176
243994250
244125324
244256398
244387472
244518546
244649620
244780694
244911768
245042842
245173916
245304990
245436064
245567138
245698212
245829286
245960360
246091434
246222508
246353582
246484656
246615730
246746804
246877878
247008952
247140026
247271100
247402174
247533248
247664322
247795396
247926470
248057544
248188618
248319692
248450766
248581840
248712914
248843988
248975062
249106136
249237210
249368284
249499358
249630432
249761506
249892580
250023654
250154728
250285802
250416876
250547950
250679024
250810098
250941172
251072246
251203320
251334394
251465468
251596542
251727616
251858690
251989764
252120838
252251912
252382986
252514060
252645134
252776208
252907282
253038356
253169430
253300504
253431578
253562652
253693726
253824800
253955874
254086948
254218022
254349096
254480170
254611244
254742318
254873392
255004466
255135540
255266614
255397688
255528762
255659836
255790910
255921984
256053058
256184132
256315206
256446280
256577354
256708428
256839502
256970576
257101650
257232724
257363798
257494872
257625946
257757020
257888094
258019168
258150242
258281316
258412390
258543464
258674538
258805612
258936686
259067760
259198834
259329908
259460982
259592056
259723130
259854204
259985278
260116352
260247426
260378500
260509574
260640648
260771722
260902796
261033870
261164944
261296018
261427092
261558166
261689240
261820314
261951388
262082462
262213536
262344610
262475684
262606758
262737832
262868906
262999980
263131054
263262128
263393202
263524276
263655350
263786424
263917498
264048572
264179646
264310720
264441794
264572868
264703942
264835016
264966090
265097164
265228238
265359312
265490386
265621460
265752534
265883608
266014682
266145756
266276830
266407904
266538978
266670052
266801126
266932200
267063274
267194348
267325422
267456496
267587570
267718644
267849718
267980792
268111866
268242940
268374014
