data file
2048

0
131074
262148
393222
524296
655370
786444
917518
1048592
1179666
1310740
1441814
1572888
1703962
1835036
1966110
2097184
2228258
2359332
2490406
2621480
2752554
2883628
3014702
3145776
3276850
3407924
3538998
3670072
3801146
3932220
4063294
4194368
4325442
4456516
4587590
4718664
4849738
4980812
5111886
5242960
5374034
5505108
5636182
5767256
5898330
6029404
6160478
6291552
6422626
6553700
6684774
6815848
6946922
7077996
7209070
7340144
7471218
7602292
7733366
7864440
7995514
8126588
8257662
8388736
8519810
8650884
8781958
8913032
9044106
9175180
9306254
9437328
9568402
9699476
9830550
9961624
10092698
10223772
10354846
10485920
10616994
10748068
10879142
11010216
11141290
11272364
11403438
11534512
11665586
11796660
11927734
12058808
12189882
12320956
12452030
12583104
12714178
12845252
12976326
13107400
13238474
13369548
13500622
13631696
13762770
13893844
14024918
14155992
14287066
14418140
14549214
14680288
14811362
14942436
15073510
15204584
15335658
15466732
15597806
15728880
15859954
15991028
16122102
16253176
16384250
16515324
16646398
16777472
16908546
17039620
17170694
17301768
17432842
17563916
17694990
17826064
17957138
18088212
18219286
18350360
18481434
18612508
18743582
18874656
19005730
19136804
19267878
19398952
19530026
19661100
19792174
19923248
20054322
20185396
20316470
20447544
20578618
20709692
20840766
20971840
21102914
21233988
21365062
21496136
21627210
21758284
21889358
22020432
22151506
22282580
22413654
22544728
22675802
22806876
22937950
23069024
23200098
23331172
23462246
23593320
23724394
23855468
23986542
24117616
24248690
24379764
24510838
24641912
24772986
24904060
25035134
25166208
25297282
25428356
25559430
25690504
25821578
25952652
26083726
26214800
26345874
26476948
26608022
26739096
26870170
27001244
27132318
27263392
27394466
27525540
27656614
27787688
27918762
28049836
28180910
28311984
28443058
28574132
28705206
28836280
28967354
29098428
29229502
29360576
29491650
29622724
29753798
29884872
30015946
30147020
30278094
30409168
30540242
30671316
30802390
30933464
31064538
31195612
31326686
31457760
31588834
31719908
31850982
31982056
32113130
32244204
32375278
32506352
32637426
32768500
32899574
33030648
33161722
33292796
33423870
33554944
33686018
33817092
33948166
34079240
34210314
34341388
34472462
34603536
34734610
34865684
34996758
35127832
35258906
35389980
35521054
35652128
35783202
35914276
36045350
36176424
36307498
36438572
36569646
36700720
36831794
36962868
37093942
37225016
37356090
37487164
37618238
37749312
37880386
38011460
38142534
38273608
38404682
38535756
38666830
38797904
38928978
39060052
39191126
39322200
39453274
39584348
39715422
39846496
39977570
40108644
40239718
40370792
40501866
40632940
40764014
40895088
41026162
41157236
41288310
41419384
41550458
41681532
41812606
41943680
42074754
42205828
42336902
42467976
42599050
42730124
42861198
42992272
43123346
43254420
43385494
43516568
43647642
43778716
43909790
44040864
44171938
44303012
44434086
44565160
44696234
44827308
44958382
45089456
45220530
45351604
45482678
45613752
45744826
45875900
46006974
46138048
46269122
46400196
46531270
46662344
46793418
46924492
47055566
47186640
47317714
47448788
47579862
47710936
47842010
47973084
48104158
48235232
48366306
48497380
48628454
48759528
48890602
49021676
49152750
49283824
49414898
49545972
49677046
49808120
49939194
50070268
50201342
50332416
50463490
50594564
50725638
50856712
50987786
51118860
51249934
51381008
51512082
51643156
51774230
51905304
52036378
52167452
52298526
52429600
52560674
52691748
52822822
52953896
53084970
53216044
53347118
53478192
53609266
53740340
53871414
54002488
54133562
54264636
54395710
54526784
54657858
54788932
54920006
55051080
55182154
55313228
55444302
55575376
55706450
55837524
55968598
56099672
56230746
56361820
56492894
56623968
56755042
56886116
57017190
57148264
57279338
57410412
57541486
57672560
57803634
57934708
58065782
58196856
58327930
58459004
58590078
58721152
58852226
58983300
59114374
59245448
59376522
59507596
59638670
59769744
59900818
60031892
60162966
60294040
60425114
60556188
60687262
60818336
60949410
61080484
61211558
61342632
61473706
61604780
61735854
61866928
61998002
62129076
62260150
62391224
62522298
62653372
62784446
62915520
63046594
63177668
63308742
63439816
63570890
63701964
63833038
63964112
64095186
64226260
64357334
64488408
64619482
64750556
64881630
65012704
65143778
65274852
65405926
65537000
65668074
65799148
65930222
66061296
66192370
66323444
66454518
66585592
66716666
66847740
66978814
67109888
67240962
67372036
67503110
67634184
67765258
67896332
68027406
68158480
68289554
68420628
68551702
68682776
68813850
68944924
69075998
69207072
69338146
69469220
69600294
69731368
69862442
69993516
70124590
70255664
70386738
70517812
70648886
70779960
70911034
71042108
71173182
71304256
71435330
71566404
71697478
71828552
71959626
72090700
72221774
72352848
72483922
72614996
72746070
72877144
73008218
73139292
73270366
73401440
73532514
73663588
73794662
73925736
74056810
74187884
74318958
74450032
74581106
74712180
74843254
74974328
75105402
75236476
75367550
75498624
75629698
75760772
75891846
76022920
76153994
76285068
76416142
76547216
76678290
76809364
76940438
77071512
77202586
77333660
77464734
77595808
77726882
77857956
77989030
78120104
78251178
78382252
78513326
78644400
78775474
78906548
79037622
79168696
79299770
79430844
79561918
79692992
79824066
79955140
80086214
80217288
80348362
80479436
80610510
80741584
80872658
81003732
81134806
81265880
81396954
81528028
81659102
81790176
81921250
82052324
82183398
82314472
82445546
82576620
82707694
82838768
82969842
83100916
83231990
83363064
83494138
83625212
83756286
83887360
84018434
84149508
84280582
84411656
84542730
84673804
84804878
84935952
85067026
85198100
85329174
85460248
85591322
85722396
85853470
85984544
86115618
86246692
86377766
86508840
86639914
86770988
86902062
87033136
87164210
87295284
87426358
87557432
87688506
87819580
87950654
88081728
88212802
88343876
88474950
88606024
88737098
88868172
88999246
89130320
89261394
89392468
89523542
89654616
89785690
89916764
90047838
90178912
90309986
90441060
90572134
90703208
90834282
90965356
91096430
91227504
91358578
91489652
91620726
91751800
91882874
92013948
92145022
92276096
92407170
92538244
92669318
92800392
92931466
93062540
93193614
93324688
93455762
93586836
93717910
93848984
93980058
94111132
94242206
94373280
94504354
94635428
94766502
94897576
95028650
95159724
95290798
95421872
95552946
95684020
95815094
95946168
96077242
96208316
96339390
96470464
96601538
96732612
96863686
96994760
97125834
97256908
97387982
97519056
97650130
97781204
97912278
98043352
98174426
98305500
98436574
98567648
98698722
98829796
98960870
99091944
99223018
99354092
99485166
99616240
99747314
99878388
100009462
100140536
100271610
100402684
100533758
100664832
100795906
100926980
101058054
101189128
101320202
101451276
101582350
101713424
101844498
101975572
102106646
102237720
102368794
102499868
102630942
102762016
102893090
103024164
103155238
103286312
103417386
103548460
103679534
103810608
103941682
104072756
104203830
104334904
104465978
104597052
104728126
104859200
104990274
105121348
105252422
105383496
105514570
105645644
105776718
105907792
106038866
106169940
106301014
106432088
106563162
106694236
106825310
106956384
107087458
107218532
107349606
107480680
107611754
107742828
107873902
108004976
108136050
108267124
108398198
108529272
108660346
108791420
108922494
109053568
109184642
109315716
109446790
109577864
109708938
109840012
109971086
110102160
110233234
110364308
110495382
110626456
110757530
110888604
111019678
111150752
111281826
111412900
111543974
111675048
111806122
111937196
112068270
112199344
112330418
112461492
112592566
112723640
112854714
112985788
113116862
113247936
113379010
113510084
113641158
113772232
113903306
114034380
114165454
114296528
114427602
114558676
114689750
114820824
114951898
115082972
115214046
115345120
115476194
115607268
115738342
115869416
116000490
116131564
116262638
116393712
116524786
116655860
116786934
116918008
117049082
117180156
117311230
117442304
117573378
117704452
117835526
117966600
118097674
118228748
118359822
118490896
118621970
118753044
118884118
119015192
119146266
119277340
119408414
119539488
119670562
119801636
119932710
120063784
120194858
120325932
120457006
120588080
120719154
120850228
120981302
121112376
121243450
121374524
121505598
121636672
121767746
121898820
122029894
122160968
122292042
122423116
122554190
122685264
122816338
122947412
123078486
123209560
123340634
123471708
123602782
123733856
123864930
123996004
124127078
124258152
124389226
124520300
124651374
124782448
124913522
125044596
125175670
125306744
125437818
125568892
125699966
125831040
125962114
126093188
126224262
126355336
126486410
126617484
126748558
126879632
127010706
127141780
127272854
127403928
127535002
127666076
127797150
127928224
128059298
128190372
128321446
128452520
128583594
128714668
128845742
128976816
129107890
129238964
129370038
129501112
129632186
129763260
129894334
130025408
130156482
130287556
130418630
130549704
130680778
130811852
130942926
131074000
131205074
131336148
131467222
131598296
131729370
131860444
131991518
132122592
132253666
132384740
132515814
132646888
132777962
132909036
133040110
133171184
133302258
133433332
133564406
133695480
133826554
133957628
134088702
134219776
134350850
134481924
134612998
134744072
134875146
135006220
135137294
135268368
135399442
135530516
135661590
135792664
135923738
136054812
136185886
136316960
136448034
136579108
136710182
136841256
136972330
137103404
137234478
137365552
137496626
137627700
137758774
137889848
138020922
138151996
138283070
138414144
138545218
138676292
138807366
138938440
139069514
139200588
139331662
139462736
139593810
139724884
139855958
139987032
140118106
140249180
140380254
140511328
140642402
140773476
140904550
141035624
141166698
141297772
141428846
141559920
141690994
141822068
141953142
142084216
142215290
142346364
142477438
142608512
142739586
142870660
143001734
143132808
143263882
143394956
143526030
143657104
143788178
143919252
144050326
144181400
144312474
144443548
144574622
144705696
144836770
144967844
145098918
145229992
145361066
145492140
145623214
145754288
145885362
146016436
146147510
146278584
146409658
146540732
146671806
146802880
146933954
147065028
147196102
147327176
147458250
147589324
147720398
147851472
147982546
148113620
148244694
148375768
148506842
148637916
148768990
148900064
149031138
149162212
149293286
149424360
149555434
149686508
149817582
149948656
150079730
150210804
150341878
150472952
150604026
150735100
150866174
150997248
151128322
151259396
151390470
151521544
151652618
151783692
151914766
152045840
152176914
152307988
152439062
152570136
152701210
152832284
152963358
153094432
153225506
153356580
153487654
153618728
153749802
153880876
154011950
154143024
154274098
154405172
154536246
154667320
154798394
154929468
155060542
155191616
155322690
155453764
155584838
155715912
155846986
155978060
156109134
156240208
156371282
156502356
156633430
156764504
156895578
157026652
157157726
157288800
157419874
157550948
157682022
157813096
157944170
158075244
158206318
158337392
158468466
158599540
158730614
158861688
158992762
159123836
159254910
159385984
159517058
159648132
159779206
159910280
160041354
160172428
160303502
160434576
160565650
160696724
160827798
160958872
161089946
161221020
161352094
161483168
161614242
161745316
161876390
162007464
162138538
162269612
162400686
162531760
162662834
162793908
162924982
163056056
163187130
163318204
163449278
163580352
163711426
163842500
163973574
164104648
164235722
164366796
164497870
164628944
164760018
164891092
165022166
165153240
165284314
165415388
165546462
165677536
165808610
165939684
166070758
166201832
166332906
166463980
166595054
166726128
166857202
166988276
167119350
167250424
167381498
167512572
167643646
167774720
167905794
168036868
168167942
168299016
168430090
168561164
168692238
168823312
168954386
169085460
169216534
169347608
169478682
169609756
169740830
169871904
170002978
170134052
170265126
170396200
170527274
170658348
170789422
170920496
171051570
171182644
171313718
171444792
171575866
171706940
171838014
171969088
172100162
172231236
172362310
172493384
172624458
172755532
172886606
173017680
173148754
173279828
173410902
173541976
173673050
173804124
173935198
174066272
174197346
174328420
174459494
174590568
174721642
174852716
174983790
175114864
175245938
175377012
175508086
175639160
175770234
175901308
176032382
176163456
176294530
176425604
176556678
176687752
176818826
176949900
177080974
177212048
177343122
177474196
177605270
177736344
177867418
177998492
178129566
178260640
178391714
178522788
178653862
178784936
178916010
179047084
179178158
179309232
179440306
179571380
179702454
179833528
179964602
180095676
180226750
180357824
180488898
180619972
180751046
180882120
181013194
181144268
181275342
181406416
181537490
181668564
181799638
181930712
182061786
182192860
182323934
182455008
182586082
182717156
182848230
182979304
183110378
183241452
183372526
183503600
183634674
183765748
183896822
184027896
184158970
184290044
184421118
184552192
184683266
184814340
184945414
185076488
185207562
185338636
185469710
185600784
185731858
185862932
185994006
186125080
186256154
186387228
186518302
186649376
186780450
186911524
187042598
187173672
187304746
187435820
187566894
187697968
187829042
187960116
188091190
188222264
188353338
188484412
188615486
188746560
188877634
189008708
189139782
189270856
189401930
189533004
189664078
189795152
189926226
190057300
190188374
190319448
190450522
190581596
190712670
190843744
190974818
191105892
191236966
191368040
191499114
191630188
191761262
191892336
192023410
192154484
192285558
192416632
192547706
192678780
192809854
192940928
193072002
193203076
193334150
193465224
193596298
193727372
193858446
193989520
194120594
194251668
194382742
194513816
194644890
194775964
194907038
195038112
195169186
195300260
195431334
195562408
195693482
195824556
195955630
196086704
196217778
196348852
196479926
196611000
196742074
196873148
197004222
197135296
197266370
197397444
197528518
197659592
197790666
197921740
198052814
198183888
198314962
198446036
198577110
198708184
198839258
198970332
199101406
199232480
199363554
199494628
199625702
199756776
199887850
200018924
200149998
200281072
200412146
200543220
200674294
200805368
200936442
201067516
201198590
201329664
201460738
201591812
201722886
201853960
201985034
202116108
202247182
202378256
202509330
202640404
202771478
202902552
203033626
203164700
203295774
203426848
203557922
203688996
203820070
203951144
204082218
204213292
204344366
204475440
204606514
204737588
204868662
204999736
205130810
205261884
205392958
205524032
205655106
205786180
205917254
206048328
206179402
206310476
206441550
206572624
206703698
206834772
206965846
207096920
207227994
207359068
207490142
207621216
207752290
207883364
208014438
208145512
208276586
208407660
208538734
208669808
208800882
208931956
209063030
209194104
209325178
209456252
209587326
209718400
209849474
209980548
210111622
210242696
210373770
210504844
210635918
210766992
210898066
211029140
211160214
211291288
211422362
211553436
211684510
211815584
211946658
212077732
212208806
212339880
212470954
212602028
212733102
212864176
212995250
213126324
213257398
213388472
213519546
213650620
213781694
213912768
214043842
214174916
214305990
214437064
214568138
214699212
214830286
214961360
215092434
215223508
215354582
215485656
215616730
215747804
215878878
216009952
216141026
216272100
216403174
216534248
216665322
216796396
216927470
217058544
217189618
217320692
217451766
217582840
217713914
217844988
217976062
218107136
218238210
218369284
218500358
218631432
218762506
218893580
219024654
219155728
219286802
219417876
219548950
219680024
219811098
219942172
220073246
220204320
220335394
220466468
220597542
220728616
220859690
220990764
221121838
221252912
221383986
221515060
221646134
221777208
221908282
222039356
222170430
222301504
222432578
222563652
222694726
222825800
222956874
223087948
223219022
223350096
223481170
223612244
223743318
223874392
224005466
224136540
224267614
224398688
224529762
224660836
224791910
224922984
225054058
225185132
225316206
225447280
225578354
225709428
225840502
225971576
226102650
226233724
226364798
226495872
226626946
226758020
226889094
227020168
227151242
227282316
227413390
227544464
227675538
227806612
227937686
228068760
228199834
228330908
228461982
228593056
228724130
228855204
228986278
229117352
229248426
229379500
229510574
229641648
229772722
229903796
230034870
230165944
230297018
230428092
230559166
230690240
230821314
230952388
231083462
231214536
231345610
231476684
231607758
231738832
231869906
232000980
232132054
232263128
232394202
232525276
232656350
232787424
232918498
233049572
233180646
233311720
233442794
233573868
233704942
233836016
233967090
234098164
234229238
234360312
234491386
234622460
234753534
234884608
235015682
235146756
235277830
235408904
235539978
235671052
235802126
235933200
236064274
236195348
236326422
236457496
236588570
236719644
236850718
236981792
237112866
237243940
237375014
237506088
237637162
237768236
237899310
238030384
238161458
238292532
238423606
238554680
238685754
238816828
238947902
239078976
239210050
239341124
239472198
239603272
239734346
239865420
239996494
240127568
240258642
240389716
240520790
240651864
240782938
240914012
241045086
241176160
241307234
241438308
241569382
241700456
241831530
241962604
242093678
242224752
242355826
242486900
242617974
242749048
242880122
243011196
243142270
243273344
243404418
243535492
243666566
243797640
243928714
244059788
244190862
244321936
244453010
244584084
244715158
244846232
244977306
245108380
245239454
245370528
245501602
245632676
245763750
245894824
246025898
246156972
246288046
246419120
246550194
246681268
246812342
246943416
247074490
247205564
247336638
247467712
247598786
247729860
247860934
247992008
248123082
248254156
248385230
248516304
248647378
248778452
248909526
249040600
249171674
249302748
249433822
249564896
249695970
249827044
249958118
250089192
250220266
250351340
250482414
250613488
250744562
250875636
251006710
251137784
251268858
251399932
251531006
251662080
251793154
251924228
252055302
252186376
252317450
252448524
252579598
252710672
252841746
252972820
253103894
253234968
253366042
253497116
253628190
253759264
253890338
254021412
254152486
254283560
254414634
254545708
254676782
254807856
254938930
255070004
255201078
255332152
255463226
255594300
255725374
255856448
255987522
256118596
256249670
256380744
256511818
256642892
256773966
256905040
257036114
257167188
257298262
257429336
257560410
257691484
257822558
257953632
258084706
258215780
258346854
258477928
258609002
258740076
258871150
259002224
259133298
259264372
259395446
259526520
259657594
259788668
259919742
260050816
260181890
260312964
260444038
260575112
260706186
260837260
260968334
261099408
261230482
261361556
261492630
261623704
261754778
261885852
262016926
262148000
262279074
262410148
262541222
262672296
262803370
262934444
263065518
263196592
263327666
263458740
263589814
263720888
263851962
263983036
264114110
264245184
264376258
264507332
264638406
264769480
264900554
265031628
265162702
265293776
265424850
265555924
265686998
265818072
265949146
266080220
266211294
266342368
266473442
266604516
266735590
266866664
266997738
267128812
267259886
267390960
267522034
267653108
267784182
267915256
268046330
268177404
268308478
